"MeanBurdenControls" "MeanBurdenAllCases" "MeanBurdenRecentCases" "MeanBurdenOldCases" "NumberOfAllCases" "Generation"
"1" 4.05053252662633 4 3.66666666666667 4.5 5 900
"2" 4.05889117782356 4 NA 4 2 901
"3" 4.04610046100461 2 2 NA 1 902
"4" 4.04674186967479 1.5 2.5 0.5 4 903
"5" 4.05386107722154 3.5 6 1 2 904
"6" 4.05344213768551 3.75 4.5 3 4 905
"7" 4.05670056700567 5 5 NA 1 906
"8" 4.0559905599056 2 2 NA 1 907
"9" 4.06147184415532 4.33333333333333 4.5 4 3 908
"10" 4.06892068920689 0 0 NA 1 909
"11" 4.0650206502065 6 6 NA 1 910
"12" 4.07318146362927 1.5 1.5 NA 2 911
"13" 4.06862068620686 3 3 NA 1 912
"14" 4.06697334866743 3.8 3.75 4 5 913
"15" 4.06698267930717 4.5 2 7 4 914
"16" 4.0710021300639 2.33333333333333 2 3 3 915
"17" 4.07917475048503 3.33333333333333 3.2 4 6 916
"18" 4.08448168963379 3 NA 3 2 917
"19" 4.08552342093684 3.75 3.66666666666667 4 4 918
"20" 4.08744349773991 4.5 4 5 4 919
"21" 4.08820352814113 3.25 3 4 4 920
"22" 4.08567514050843 2.83333333333333 3.33333333333333 2.33333333333333 6 921
"23" 4.08101405070254 4.8 4 5.33333333333333 5 922
"24" 4.09126547592856 3.83333333333333 3.5 4 6 923
"25" 4.08617344693788 2.75 2 3.5 4 924
"26" 4.09482568954137 3.5 4 3.4 6 925
"27" 4.09414564873892 3.66666666666667 NA 3.66666666666667 6 926
"28" 4.10172508625431 4.8 2 6.66666666666667 5 927
"29" 4.09345280358411 5.33333333333333 7 2 3 928
"30" 4.09530285908577 4.33333333333333 5.5 2 3 929
"31" 4.10285308559257 0.666666666666667 1 0 3 930
"32" 4.1067521350427 4 7 1 2 931
"33" 4.10524420976839 3.5 3 5 4 932
"34" 4.10119101191012 5 NA 5 1 933
"35" 4.10689427577103 2.75 2 3.5 4 934
"36" 4.10963548177409 3.2 3.66666666666667 2.5 5 935
"37" 4.1058831764953 2.33333333333333 NA 2.33333333333333 3 936
"38" 4.1154480813657 3.42857142857143 4.5 2 7 937
"39" 4.10795539776989 4.8 2 5.5 5 938
"40" 4.11284677080625 4.5 5 3.5 6 939
"41" 4.11912357370721 3.66666666666667 4 3 3 940
"42" 4.12692253845077 3.5 3.5 NA 2 941
"43" 4.12529125291253 4 NA 4 1 942
"44" 4.11273112731127 6 NA 6 1 943
"45" 4.10803216064321 4.5 4.5 NA 2 944
"46" 4.11705351160535 4.33333333333333 4 5 3 945
"47" 4.12219488779551 4 4.66666666666667 2 4 946
"48" 4.12448622431122 4.8 4 5 5 947
"49" 4.13233323332333 4.1 5.4 2.8 10 948
"50" 4.12642390662973 2.81818181818182 3.6 2.16666666666667 11 949
"51" 4.13304266085322 3 2 4 2 950
"52" 4.11811236224724 5.5 5.5 NA 2 951
"53" 4.12760255205104 3 3 NA 2 952
"54" 4.12523626181309 4 4 4 5 953
"55" 4.13473134731347 3 NA 3 1 954
"56" 4.13346266925338 5 4 6 2 955
"57" 4.13620272405448 3.5 3.5 NA 2 956
"58" 4.13965558622345 4.25 4 5 4 957
"59" 4.14213568542742 4 4 4 4 958
"60" 4.139999799986 3.85714285714286 4.33333333333333 3.5 7 959
"61" 4.14646732336617 5 9 4 5 960
"62" 4.15051451543546 3.66666666666667 3.66666666666667 NA 3 961
"63" 4.13914417432523 3.33333333333333 2.5 5 3 962
"64" 4.14018121449716 3.875 4 3.66666666666667 8 963
"65" 4.14586021021471 4.14285714285714 4.66666666666667 3.75 7 964
"66" 4.13868693434672 3.2 3.5 2 5 965
"67" 4.12343370301109 5 4.5 6 3 966
"68" 4.12988259765195 3 2 4 2 967
"69" 4.13976419292579 3 2.5 4 3 968
"70" 4.13094785687141 4.33333333333333 4.5 4 6 969
"71" 4.1306852274091 4 5 3.66666666666667 4 970
"72" 4.13845692284614 4 7 3.25 5 971
"73" 4.13429940095807 4.14285714285714 3.33333333333333 4.75 7 972
"74" 4.13095654782739 2.8 NA 2.8 5 973
"75" 4.12467498699948 6 8 5.33333333333333 4 974
"76" 4.12380123801238 5 5 NA 1 975
"77" 4.10779107791078 5 NA 5 1 976
"78" 4.11136111361114 1 1 NA 1 977
"79" 4.11572347170415 7.66666666666667 7.66666666666667 NA 3 978
"80" 4.10483314499435 6 NA 6 3 979
"81" 4.10112202244045 4.5 5 4 2 980
"82" 4.0890635625425 5 6 4 4 981
"83" 4.08401336053442 3.5 2 5 4 982
"84" 4.08808264247927 2 NA 2 3 983
"85" 4.08047080470805 5 5 NA 1 984
"86" 4.08251082510825 3 3 NA 1 985
"87" 4.08322332893316 5.5 7 4 4 986
"88" 4.08137488249295 3.66666666666667 1.5 4.75 6 987
"89" 4.07354514816037 3.14285714285714 2.66666666666667 3.5 7 988
"90" 4.07536602928234 4.125 4.66666666666667 3.8 8 989
"91" 4.07853549748482 4.42857142857143 5.66666666666667 3.5 7 990
"92" 4.08581257437723 5 NA 5 3 991
"93" 4.0848159371156 5.14285714285714 4.5 6 7 992
"94" 4.0860551633098 3.66666666666667 2.75 5.5 6 993
"95" 4.09548286448593 3.66666666666667 4 3.5 3 994
"96" 4.10537316119484 2 2 2 3 995
"97" 4.10145304359131 2 2 NA 3 996
"98" 4.10682747792345 2.57142857142857 NA 2.57142857142857 7 997
"99" 4.09251555093306 3.5 3 3.75 6 998
"100" 4.1039162349741 4.16666666666667 4 4.5 6 999
"101" 4.09841393655746 5 5 5 4 1000
